0 0 0 0 0.0 0.0
0 0 1 0 0.0 0.0
0 0 2 0 0.0 0.0
0 0 3 0 0.0 0.0
0 0 4 0 0.0 0.0
0 0 5 0 0.0 0.0
2 0 4 1 0.0 0.0
3 0 3 2 0.0 0.0
4 0 1 3 0.0 0.0
5 0 6 4 0.0 0.0
6 0 7 5 0.0 0.0
0 1 5 8 0.0 0.0
1 1 0 9 0.0 0.0
1 1 1 9 0.0 0.0
1 1 2 9 0.0 0.0
1 1 3 9 0.0 0.0
1 1 4 9 0.0 0.0
1 1 5 9 0.0 0.0
1 1 6 9 0.0 0.0
2 1 3 10 0.0 0.0
3 1 4 11 0.0 0.0
5 1 1 12 0.0 0.0
6 1 8 13 0.0 0.0
1 2 3 14 0.0 0.0
2 2 0 15 0.0 0.0
2 2 1 15 0.0 0.0
2 2 2 15 0.0 0.0
2 2 3 15 0.0 0.0
2 2 4 15 0.0 0.0
2 2 5 15 0.0 0.0
3 2 7 16 0.0 0.0
4 2 7 17 0.0 0.0
6 2 8 26 0.0 0.0
2 3 5 18 0.0 0.0
3 3 0 19 0.0 0.0
3 3 1 19 0.0 0.0
3 3 2 19 0.0 0.0
3 3 3 19 0.0 0.0
3 3 4 19 0.0 0.0
3 3 5 19 0.0 0.0
4 3 6 20 0.0 0.0
5 3 8 21 0.0 0.0
6 3 5 27 0.0 0.0
2 4 6 22 0.0 0.0
4 4 0 28 0.0 0.0
4 4 1 28 0.0 0.0
4 4 2 28 0.0 0.0
4 4 3 28 0.0 0.0
4 4 4 28 0.0 0.0
4 4 5 28 0.0 0.0
5 5 0 23 0.0 0.0
5 5 1 23 0.0 0.0
5 5 2 23 0.0 0.0
5 5 3 23 0.0 0.0
5 5 4 23 0.0 0.0
5 5 5 23 0.0 0.0
1 6 2 24 0.0 0.0
6 6 0 29 0.0 0.0
6 6 1 29 0.0 0.0
6 6 2 29 0.0 0.0
6 6 3 29 0.0 0.0
6 6 4 29 0.0 0.0
6 6 5 29 0.0 0.0
