0 0 0 0 0.0 0.0
0 0 1 0 0.0 0.0
0 0 2 0 0.0 0.0
0 0 3 0 0.0 0.0
0 0 4 0 0.0 0.0
0 0 5 0 0.0 0.0
1 0 1 1 0.0 0.0
1 0 2 1 0.0 0.0
1 0 7 1 0.0 0.0
1 0 8 1 0.0 0.0
2 0 2 2 0.0 0.0
2 0 3 2 0.0 0.0
2 0 6 2 0.0 0.0
2 0 7 2 0.0 0.0
3 0 3 3 0.0 0.0
3 0 4 3 0.0 0.0
3 0 7 3 0.0 0.0
4 0 2 4 0.0 0.0
4 0 3 4 0.0 0.0
4 0 5 4 0.0 0.0
0 1 1 8 0.0 0.0
0 1 2 8 0.0 0.0
0 1 4 8 0.0 0.0
0 1 7 8 0.0 0.0
0 1 8 8 0.0 0.0
1 1 0 9 0.0 0.0
1 1 1 9 0.0 0.0
1 1 2 9 0.0 0.0
1 1 3 9 0.0 0.0
1 1 4 9 0.0 0.0
1 1 5 9 0.0 0.0
1 1 6 9 0.0 0.0
1 1 7 9 0.0 0.0
1 1 8 9 0.0 0.0
1 1 9 9 0.0 0.0
1 1 10 9 0.0 0.0
2 1 1 10 0.0 0.0
2 1 5 10 0.0 0.0
2 1 7 10 0.0 0.0
2 1 8 10 0.0 0.0
3 1 2 11 0.0 0.0
3 1 6 11 0.0 0.0
3 1 7 11 0.0 0.0
3 1 8 11 0.0 0.0
4 1 2 12 0.0 0.0
4 1 6 12 0.0 0.0
4 1 7 12 0.0 0.0
0 2 1 14 0.0 0.0
0 2 2 14 0.0 0.0
0 2 3 14 0.0 0.0
0 2 5 14 0.0 0.0
1 2 1 15 0.0 0.0
1 2 2 15 0.0 0.0
1 2 4 15 0.0 0.0
1 2 7 15 0.0 0.0
2 2 0 16 0.0 0.0
2 2 1 16 0.0 0.0
2 2 2 16 0.0 0.0
2 2 3 16 0.0 0.0
2 2 4 16 0.0 0.0
2 2 5 16 0.0 0.0
3 2 3 17 0.0 0.0
3 2 6 17 0.0 0.0
4 2 1 26 0.0 0.0
4 2 4 26 0.0 0.0
4 2 5 26 0.0 0.0
4 2 7 26 0.0 0.0
0 3 3 18 0.0 0.0
0 3 4 18 0.0 0.0
0 3 8 18 0.0 0.0
1 3 4 19 0.0 0.0
1 3 5 19 0.0 0.0
1 3 6 19 0.0 0.0
1 3 7 19 0.0 0.0
2 3 3 20 0.0 0.0
2 3 4 20 0.0 0.0
2 3 5 20 0.0 0.0
2 3 7 20 0.0 0.0
3 3 0 21 0.0 0.0
3 3 1 21 0.0 0.0
3 3 2 21 0.0 0.0
3 3 3 21 0.0 0.0
3 3 4 21 0.0 0.0
3 3 5 21 0.0 0.0
4 3 6 27 0.0 0.0
4 3 7 27 0.0 0.0
2 4 1 22 0.0 0.0
2 4 3 22 0.0 0.0
2 4 4 22 0.0 0.0
4 4 0 28 0.0 0.0
4 4 1 28 0.0 0.0
4 4 2 28 0.0 0.0
4 4 3 28 0.0 0.0
4 4 4 28 0.0 0.0
4 4 5 28 0.0 0.0
