0 0 0 0 0.0 0.0
0 0 1 0 0.0 0.0
0 0 2 0 0.0 0.0
0 0 3 0 0.0 0.0
0 0 4 0 0.0 0.0
1 0 1 1 0.0 0.0
1 0 3 1 0.0 0.0
1 0 4 1 0.0 0.0
1 0 5 1 0.0 0.0
1 0 6 1 0.0 0.0
1 0 7 1 0.0 0.0
1 0 8 1 0.0 0.0
1 0 9 1 0.0 0.0
1 0 11 1 0.0 0.0
1 0 12 1 0.0 0.0
2 0 2 2 0.0 0.0
2 0 3 2 0.0 0.0
2 0 4 2 0.0 0.0
2 0 5 2 0.0 0.0
2 0 6 2 0.0 0.0
2 0 9 2 0.0 0.0
2 0 10 2 0.0 0.0
2 0 11 2 0.0 0.0
2 0 12 2 0.0 0.0
3 0 1 3 0.0 0.0
3 0 2 3 0.0 0.0
3 0 3 3 0.0 0.0
3 0 5 3 0.0 0.0
3 0 6 3 0.0 0.0
3 0 7 3 0.0 0.0
3 0 9 3 0.0 0.0
3 0 10 3 0.0 0.0
3 0 11 3 0.0 0.0
3 0 12 3 0.0 0.0
4 0 1 4 0.0 0.0
4 0 2 4 0.0 0.0
4 0 3 4 0.0 0.0
4 0 4 4 0.0 0.0
4 0 5 4 0.0 0.0
4 0 6 4 0.0 0.0
4 0 7 4 0.0 0.0
4 0 11 4 0.0 0.0
4 0 12 4 0.0 0.0
0 1 1 8 0.0 0.0
0 1 3 8 0.0 0.0
0 1 4 8 0.0 0.0
0 1 5 8 0.0 0.0
0 1 6 8 0.0 0.0
0 1 7 8 0.0 0.0
0 1 8 8 0.0 0.0
0 1 9 8 0.0 0.0
0 1 10 8 0.0 0.0
0 1 11 8 0.0 0.0
1 1 0 9 0.0 0.0
1 1 1 9 0.0 0.0
1 1 2 9 0.0 0.0
1 1 3 9 0.0 0.0
1 1 4 9 0.0 0.0
1 1 5 9 0.0 0.0
1 1 6 9 0.0 0.0
2 1 1 10 0.0 0.0
2 1 2 10 0.0 0.0
2 1 3 10 0.0 0.0
2 1 4 10 0.0 0.0
2 1 5 10 0.0 0.0
2 1 6 10 0.0 0.0
2 1 7 10 0.0 0.0
2 1 9 10 0.0 0.0
2 1 11 10 0.0 0.0
2 1 12 10 0.0 0.0
3 1 1 11 0.0 0.0
3 1 3 11 0.0 0.0
3 1 4 11 0.0 0.0
3 1 5 11 0.0 0.0
3 1 6 11 0.0 0.0
3 1 7 11 0.0 0.0
3 1 8 11 0.0 0.0
3 1 9 11 0.0 0.0
3 1 10 11 0.0 0.0
3 1 11 11 0.0 0.0
4 1 2 12 0.0 0.0
4 1 3 12 0.0 0.0
4 1 5 12 0.0 0.0
4 1 8 12 0.0 0.0
4 1 9 12 0.0 0.0
4 1 10 12 0.0 0.0
0 2 2 14 0.0 0.0
0 2 3 14 0.0 0.0
0 2 4 14 0.0 0.0
0 2 5 14 0.0 0.0
0 2 7 14 0.0 0.0
0 2 8 14 0.0 0.0
0 2 9 14 0.0 0.0
0 2 10 14 0.0 0.0
0 2 11 14 0.0 0.0
0 2 12 14 0.0 0.0
1 2 1 15 0.0 0.0
1 2 2 15 0.0 0.0
1 2 3 15 0.0 0.0
1 2 5 15 0.0 0.0
1 2 6 15 0.0 0.0
1 2 7 15 0.0 0.0
1 2 8 15 0.0 0.0
1 2 9 15 0.0 0.0
1 2 10 15 0.0 0.0
1 2 11 15 0.0 0.0
1 2 12 15 0.0 0.0
2 2 0 16 0.0 0.0
2 2 1 16 0.0 0.0
2 2 2 16 0.0 0.0
2 2 3 16 0.0 0.0
2 2 4 16 0.0 0.0
3 2 1 17 0.0 0.0
3 2 2 17 0.0 0.0
3 2 3 17 0.0 0.0
3 2 4 17 0.0 0.0
3 2 5 17 0.0 0.0
3 2 6 17 0.0 0.0
3 2 7 17 0.0 0.0
3 2 9 17 0.0 0.0
3 2 10 17 0.0 0.0
3 2 12 17 0.0 0.0
4 2 1 26 0.0 0.0
4 2 2 26 0.0 0.0
4 2 3 26 0.0 0.0
4 2 5 26 0.0 0.0
4 2 6 26 0.0 0.0
4 2 9 26 0.0 0.0
4 2 11 26 0.0 0.0
4 2 12 26 0.0 0.0
0 3 1 18 0.0 0.0
0 3 2 18 0.0 0.0
0 3 3 18 0.0 0.0
0 3 6 18 0.0 0.0
0 3 7 18 0.0 0.0
0 3 8 18 0.0 0.0
0 3 9 18 0.0 0.0
0 3 10 18 0.0 0.0
0 3 12 18 0.0 0.0
1 3 2 19 0.0 0.0
1 3 3 19 0.0 0.0
1 3 5 19 0.0 0.0
1 3 6 19 0.0 0.0
1 3 7 19 0.0 0.0
1 3 8 19 0.0 0.0
1 3 9 19 0.0 0.0
1 3 10 19 0.0 0.0
1 3 11 19 0.0 0.0
1 3 12 19 0.0 0.0
2 3 1 20 0.0 0.0
2 3 3 20 0.0 0.0
2 3 4 20 0.0 0.0
2 3 5 20 0.0 0.0
2 3 6 20 0.0 0.0
2 3 7 20 0.0 0.0
2 3 8 20 0.0 0.0
2 3 9 20 0.0 0.0
2 3 10 20 0.0 0.0
2 3 11 20 0.0 0.0
2 3 12 20 0.0 0.0
3 3 0 21 0.0 0.0
3 3 1 21 0.0 0.0
3 3 2 21 0.0 0.0
3 3 3 21 0.0 0.0
3 3 4 21 0.0 0.0
4 3 1 27 0.0 0.0
4 3 2 27 0.0 0.0
4 3 3 27 0.0 0.0
4 3 4 27 0.0 0.0
4 3 5 27 0.0 0.0
4 3 6 27 0.0 0.0
4 3 8 27 0.0 0.0
4 3 9 27 0.0 0.0
4 3 11 27 0.0 0.0
4 3 12 27 0.0 0.0
1 4 1 22 0.0 0.0
1 4 2 22 0.0 0.0
1 4 3 22 0.0 0.0
1 4 4 22 0.0 0.0
1 4 5 22 0.0 0.0
1 4 6 22 0.0 0.0
1 4 9 22 0.0 0.0
1 4 10 22 0.0 0.0
1 4 11 22 0.0 0.0
1 4 12 22 0.0 0.0
4 4 0 28 0.0 0.0
4 4 1 28 0.0 0.0
4 4 2 28 0.0 0.0
4 4 3 28 0.0 0.0
4 4 4 28 0.0 0.0
