0 0 0 0 0.0 0.0
0 0 1 0 0.0 0.0
0 0 2 0 0.0 0.0
0 0 3 0 0.0 0.0
0 0 4 0 0.0 0.0
0 0 5 0 0.0 0.0
0 0 6 0 0.0 0.0
0 0 7 0 0.0 0.0
0 0 8 0 0.0 0.0
1 0 8 1 0.0 0.0
2 0 3 2 0.0 0.0
2 0 6 2 0.0 0.0
3 0 1 3 0.0 0.0
3 0 6 3 0.0 0.0
4 0 6 4 0.0 0.0
4 0 8 4 0.0 0.0
0 1 3 8 0.0 0.0
1 1 0 9 0.0 0.0
1 1 1 9 0.0 0.0
1 1 2 9 0.0 0.0
1 1 3 9 0.0 0.0
1 1 4 9 0.0 0.0
1 1 5 9 0.0 0.0
1 1 6 9 0.0 0.0
2 1 1 10 0.0 0.0
3 1 2 11 0.0 0.0
4 1 1 12 0.0 0.0
0 2 8 14 0.0 0.0
1 2 7 15 0.0 0.0
2 2 0 16 0.0 0.0
2 2 1 16 0.0 0.0
2 2 2 16 0.0 0.0
2 2 3 16 0.0 0.0
2 2 4 16 0.0 0.0
2 2 5 16 0.0 0.0
2 2 6 16 0.0 0.0
2 2 7 16 0.0 0.0
2 2 8 16 0.0 0.0
3 2 6 17 0.0 0.0
4 2 6 26 0.0 0.0
0 3 7 18 0.0 0.0
1 3 6 19 0.0 0.0
2 3 4 20 0.0 0.0
3 3 0 21 0.0 0.0
3 3 1 21 0.0 0.0
3 3 2 21 0.0 0.0
3 3 3 21 0.0 0.0
3 3 4 21 0.0 0.0
3 3 5 21 0.0 0.0
3 3 6 21 0.0 0.0
3 3 7 21 0.0 0.0
3 3 8 21 0.0 0.0
4 3 1 27 0.0 0.0
3 4 1 22 0.0 0.0
4 4 0 28 0.0 0.0
4 4 1 28 0.0 0.0
4 4 2 28 0.0 0.0
4 4 3 28 0.0 0.0
4 4 4 28 0.0 0.0
4 4 5 28 0.0 0.0
4 4 6 28 0.0 0.0
4 4 7 28 0.0 0.0
4 4 8 28 0.0 0.0
